10010011
00000010
10100000
00000000
00010011
00000011
01000000
00000001
10010011
00000011
10110000
11111111
00010011
00000100
11110000
00000000
10010011
00000100
00000000
00000000
00110011
10000101
01100010
00000000
10110011
00000101
01010011
01000000
00110011
11110110
10000010
00000000
10110011
11100110
10000010
00000000
00110011
11000111
10000010
00000000
10110011
10010111
10010010
00000000
00110011
01011000
10010100
00000000
10110011
11011000
10010011
01000000
00010011
10011001
00100010
00000000
10010011
01011001
00010100
00000000
00010011
11011010
00010011
01000000
10110011
10101010
01010011
00000000
00110011
10111011
01100010
00000000
10010011
10101011
11100011
11111111
00010011
00001100
10100000
00000000
10010011
00001100
01000000
00000110
00100011
00100000
10011100
00000001
00000011
00101101
00001100
00000000
10010011
00001101
01010000
00000000
01100011
10000100
01010010
00000000
01101111
00000000
00000000
00000011
01100011
10010100
01100010
00000000
01101111
00000000
10000000
00000010
01100011
11000100
01010011
00000000
01101111
00000000
00000000
00000010
01100011
01010100
01010011
00000000
01101111
00000000
10000000
00000001
01100011
11100100
01100010
00000000
01101111
00000000
00000000
00000001
01100011
01110100
01010011
00000000
01101111
00000000
10000000
00000000
01101111
00000000
10000000
00000000
01101111
00000000
00000000
00000000
01101111
00000000
00000000
00000000
